309
163
240
173
169
114
158
87
106
107
143
131
175
112
236
230
357
83
255
191
314
120
316
81
195
107
141
163
151
123
171
237
172
109
128
206
206
149
83
104
191
198
90
105
157
91
118
148
214
238
148
175
191
276
161
158
74
345
115
134
154
154
139
96
187
174
124
105
160
70
77
134
303
82
127
169
370
174
147
233
128
198
480
140
95
231
189
237
279
170
108
146
240
165
109
236
181
228
150
108
340
207
141
221
161
97
183
134
136
111
155
90
123
192
187
130
134
128
155
330
127
324
281
197
214
193
146
120
76
121
254
157
164
186
120
145
192
132
317
154
195
144
121
185
138
97
120
287
251
221
126
599
130
208
137
261
165
100
179
218
159
102
109
175
176
124
99
225
268
161
105
98
179
136
170
201
100
98
342
231
111
292
180
239
85
145
155
232
159
195
121
307
164
203
102
122
235
203
172
280
336
177
226
318
114
146
137
204
293
138
188
366
77
131
202
174
175
131
120
253
147
183
123
208
140
274
184
118
117
140
335
162
164
132
142
183
220
126
221
216
157
94
177
115
267
174
178
80
113
152
86
177
194
184
91
129
171
356
144
159
143
205
237
156
198
90
198
130
107
137
140
148
93
239
281
162
229
301
460
142
173
271
67
168
434
116
139
227
257
98
158
249
192
201
130
191
92
83
102
82
413
168
223
272
114
302
256
154
127
231
224
100
114
148
106
175
285
127
201
167
229
138
96
170
133
104
104
102
230
237
224
241
129
165
314
182
175
136
270
175
130
132
123
162
354
184
100
207
181
354
120
97
196
171
99
107
301
190
169
191
150
80
157
183
101
171
148
100
180
132
234
235
148
184
100
117
121
163
290
399
130
296
74
164
208
90
307
167
97
123
134
127
249
225
250
208
233
91
83
244
411
162
90
237
161
109
112
154
126
98
179
96
168
195
350
162
271
271
112
379
175
218
153
120
91
118
90
83
87
237
196
246
186
126
106
127
142
162
411
57
94
118
163
121
99
152
194
318
361
135
82
121
175
119
263
251
146
181
131
196
74
299
119
133
102
65
118
87
341
177
112
290
133
120
146
94
241
110
271
190
239
243
160
167
266
223
456
251
173
116
597
176
277
213
159
103
129
122
170
217
466
206
118
257
142
111
155
153
297
127
225
124
236
192
194
223
203
106
302
401
244
112
178
157
186
151
124
159
118
203
153
358
108
209
333
247
154
114
72
143
113
102
144
96
183
114
128
119
230
410
234
187
160
157
266
64
228
162
121
219
250
129
289
141
112
133
128
178
97
126
293
263
245
94
301
271
104
239
223
116
168
156
330
93
165
106
139
107
139
85
173
200
290
146
199
128
193
109
195
224
329
149
153
316
137
111
319
114
144
133
213
145
201
245
134
214
255
178
164
197
112
306
132
240
145
152
110
95
170
89
130
106
199
182
153
131
232
293
178
167
182
145
174
128
152
192
172
106
171
94
286
183
195
568
237
267
152
263
144
119
124
152
159
84
169
149
159
249
440
223
298
161
152
136
269
275
188
124
185
134
379
244
177
115
105
103
207
269
123
130
109
130
269
151
124
125
223
142
95
184
528
201
232
152
141
189
179
261
202
203
93
273
133
155
276
150
101
119
253
396
252
162
141
121
206
119
198
125
161
154
120
116
226
202
426
156
205
191
108
135
93
99
379
152
140
141
226
180
146
141
144
273
68
216
306
95
180
128
155
127
166
87
167
407
128
157
178
103
166
152
221
147
66
113
135
209
289
217
265
136
247
98
436
131
259
246
125
150
189
153
238
101
155
82
105
137
288
179
238
141
418
194
105
122
207
128
170
264
289
174
121
190
203
111
148
266
334
102
214
177
307
118
108
228
168
176
345
92
159
106
292
184
192
168
184
191
226
135
121
198
86
327
327
165
119
117
158
136
270
110
201
192
104
182
275
92
262
195
231
165
102
160
161
241
122
207
135
112
169
98
155
315
118
138
259
178
248
201
293
158
315
201
187
144
143
226
207
117
149
191
153
277
166
112
124
227
195
162
135
164
286
95
188
113
132
117
126
403
122
288
141
106
146
347
267
121
137
334
119
144
345
228
115
171
187
99
92
120
131
173
166
132
351
133
204
208
117
180
262
176
119
248
179
149
160
198
104
200
220
145
206
146
246
126
249
240
196
368
160
196
365
219
205
122
122
224
143
240
171
251
171
149
97
408
251
127
172
154
217
281
118
357
145
126
207
242
216
134
171
109
139
177
131
142
201
123
124
147
80
166
93
120
83
156
111
115
422
132
154
107
249
102
107
174
140
218
147
84
283
79
262
202
314
235
174
83
222
138
143
193
184
314
101
199
185
129
148
154
182
289
82
363
134
103
161
218
327
101
191
111
174
276
294
179
163
167
296
212
142
196
152
103
288
285
105
150
119
86
153
140
178
216
179
164
382
88
467
291
104
308
247
416
97
259
158
158
152
206
163
283
157
191
119
132
121
156
269
152
133
177
330
165
150
194
105
161
199
86
269
127
109
105
117
148
393
176
206
316
130
103
205
106
422
167
185
203
123
136
145
138
259
143
98
143
117
300
239
106
196
101
174
373
158
171
373
106
190
105
221
399
208
199
108
100
144
272
76
226
259
135
71
171
313
110
232
103
162
155
221
112
105
193
146
173
147
351
145
105
223
303
255
239
246
104
82
192
137
116
127
403
336
120
203
115
161
116
313
253
141
209
326
146
163
342
101
134
234
178
290
173
179
155
329
241
172
241
136
226
140
186
245
128
193
191
109
68
214
118
113
167
172
180
118
244
175
411
52
302
97
121
131
147
171
174
188
203
163
180
125
175
89
287
309
119
145
390
140
236
104
132
322
89
113
231
152
364
141
316
114
205
148
232
228
266
233
185
204
183
205
319
251
174
160
152
95
270
98
159
258
290
115
131
114
122
169
155
122
104
123
106
366
202
75
115
122
170
147
286
247
181
122
199
136
217
399
206
119
100
126
116
427
156
178
225
380
126
168
166
153
79
156
195
241
175
174
145
84
260
223
203
198
183
108
154
162
140
130
91
200
397
486
100
157
190
185
128
145
118
339
238
107
112
270
163
315
147
256
217
163
125
159
145
328
134
243
239
136
246
111
285
473
100
87
80
200
245
210
215
91
239
77
171
118
121
111
95
326
86
146
175
356
155
244
111
231
138
275
147
185
156
190
170
129
177
209
227
161
206
120
261
383
220
79
221
189
138
134
135
82
230
367
165
106
179
225
129
74
171
178
137
81
195
122
144
162
224
110
187
155
269
171
250
286
156
166
140
134
106
296
143
102
285
308
94
163
163
97
119
91
160
135
201
135
402
111
162
266
374
113
130
295
303
213
93
512
188
292
161
63
265
88
165
238
138
285
362
153
93
113
204
521
427
166
85
145
92
116
348
246
155
276
122
226
93
328
86
177
261
94
265
216
209
123
133
302
199
136
139
282
157
173
208
395
95
199
166
139
105
310
125
91
174
102
99
128
134
93
137
165
240
170
254
165
138
208
146
175
232
97
191
144
204
76
233
100
154
149
156
191
380
113
225
228
195
391
337
202
178
107
243
219
185
164
218
267
304
240
159
168
155
109
136
84
265
280
81
106
91
116
220
352
224
191
140
132
131
96
418
219
142
228
167
312
132
122
370
101
168
328
312
149
136
360
205
170
114
171
139
238
110
189
347
166
102
74
336
158
214
249
79
131
291
124
105
140
97
190
270
367
210
285
173
159
115
173
233
84
144
151
131
103
286
136
148
301
140
124
203
118
158
181
130
311
299
145
159
156
108
138
156
248
323
254
140
111
195
150
153
200
396
177
143
127
220
228
181
114
93
201
67
347
180
134
174
96
163
127
159
148
147
174
105
157
225
206
348
333
311
113
313
274
181
151
150
107
108
182
170
225
147
151
267
264
135
178
162
154
109
114
95
153
158
107
169
80
84
173
262
214
168
373
200
325
171
179
192
153
193
116
211
254
243
119
148
185
152
171
286
396
129
296
165
396
173
184
112
302
165
157
347
297
233
94
119
120
177
359
132
188
230
209
102
147
250
204
149
158
197
67
86
487
198
252
176
84
253
106
233
119
163
186
97
275
238
245
325
214
185
162
193
206
102
277
89
145
102
190
155
389
135
87
185
80
219
164
242
187
138
118
187
219
107
129
274
155
159
120
115
283
260
147
190
159
222
212
293
114
119
200
173
232
169
230
134
116
352
337
107
207
195
136
109
90
252
206
221
384
307
180
115
119
161
218
100
212
286
336
205
92
220
66
204
183
253
128
166
256
228
75
79
371
109
222
181
214
126
145
82
105
112
214
160
104
150
275
124
169
413
122
224
218
175
117
185
116
115
252
132
280
235
266
170
139
80
73
257
200
308
80
147
129
234
145
95
415
271
128
111
289
371
228
142
90
183
136
285
129
115
329
427
184
171
172
189
248
175
201
283
95
168
165
165
274
186
209
193
157
218
100
514
277
127
144
228
244
373
183
205
131
145
230
89
78
162
153
266
197
68
78
66
337
137
128
473
182
181
224
246
117
157
167
230
249
665
131
267
414
130
113
85
275
152
108
227
392
194
82
206
142
136
118
213
104
152
116
129
188
190
134
122
133
246
130
133
153
168
301
199
365
221
103
240
343
222
223
169
224
80
243
193
144
240
219
175
273
165
174
132
313
188
223
156
128
107
242
140
546
97
112
181
176
132
168
314
137
179
141
129
87
127
171
171
97
146
117
122
86
214
88
83
366
201
105
374
124
181
194
97
69
122
124
150
149
325
137
236
145
203
80
160
299
164
192
93
193
326
148
199
158
177
105
74
255
354
159
215
144
119
80
149
209
272
333
230
287
149
235
121
215
246
86
163
206
206
155
160
146
189
169
191
123
387
283
166
91
169
233
223
229
68
235
371
354
242
398
189
65
224
315
88
179
113
106
199
436
106
189
135
232
255
96
382
101
97
280
90
195
67
87
55
379
117
294
169
164
166
196
169
177
119
151
157
614
362
176
174
381
370
130
285
94
102
170
161
142
280
89
84
111
126
224
119
153
332
183
231
246
112
234
177
204
134
155
240
174
179
196
258
314
161
139
88
134
227
233
178
142
275
194
123
141
94
135
105
144
193
134
468
177
92
135
345
390
360
145
358
67
192
111
144
129
191
191
202
97
185
112
107
205
140
164
369
438
88
100
174
67
67
66
72
304
143
170
179
81
226
91
219
246
295
139
166
171
167
215
203
248
278
174
219
117
240
200
116
285
126
143
203
126
170
218
146
148
139
250
315
67
145
112
137
137
136
157
150
85
126
249
220
94
213
194
257
424
111
177
201
317
212
170
258
165
279
240
161
323
246
263
182
200
125
149
258
255
304
285
124
226
245
219
438
74
287
275
274
144
257
144
176
74
207
141
111
106
237
116
155
86
60
58
73
393
243
338
193
158
193
250
136
185
105
153
231
258
151
317
154
134
94
156
403
284
143
174
166
206
171
177
235
113
80
187
118
231
246
102
84
84
130
152
295
140
168
504
208
209
468
222
263
122
334
153
200
116
191
126
87
152
110
170
195
148
181
116
178
141
155
159
100
352
238
354
204
242
111
579
525
216
102
167
86
253
174
183
191
77
146
93
83
195
113
85
111
222
234
104
139
253
93
58
78
430
73
332
209
128
185
111
199
241
163
221
350
120
246
157
329
316
111
212
114
121
133
247
135
82
211
212
204
260
272
216
312
264
273
105
278
93
150
115
191
184
217
161
92
171
536
201
139
243
103
297
232
237
145
208
190
236
181
125
510
230
134
130
203
285
119
289
141
549
158
138
169
256
212
82
257
147
95
334
140
168
108
181
161
149
140
126
163
248
245
151
83
231
61
56
61
72
67
54
136
316
199
232
128
172
123
121
109
127
214
171
273
209
436
633
477
417
81
260
215
77
152
167
146
82
121
121
136
166
219
155
84
250
142
149
213
241
107
215
102
168
244
89
123
96
259
290
293
245
234
109
300
397
242
155
235
165
154
195
130
137
212
102
184
127
289
271
123
152
448
196
288
246
120
376
191
108
168
133
122
214
170
312
134
177
339
121
371
80
142
255
134
234
65
60
101
64
51
74
112
383
75
222
153
223
167
283
268
136
104
354
218
112
330
128
175
320
188
230
260
205
249
179
98
121
148
96
232
216
190
233
290
306
127
178
168
306
102
199
259
163
237
269
305
305
180
207
129
119
224
91
122
136
103
139
181
349
175
241
175
160
186
283
148
266
291
179
441
177
206
140
105
144
285
314
434
129
104
96
194
179
218
125
221
124
170
156
159
181
291
280
83
197
64
64
84
65
63
67
130
328
303
131
163
136
134
154
165
130
240
128
176
198
149
220
137
123
429
173
199
157
349
145
181
294
288
178
230
104
158
125
314
364
211
153
77
230
286
189
123
283
179
178
118
124
829
269
239
227
106
183
116
123
214
119
161
94
80
88
141
178
121
164
410
147
125
242
182
250
134
239
220
170
196
475
229
174
400
256
356
252
144
72
294
139
128
117
237
236
149
83
112
91
212
101
89
62
64
77
139
507
367
233
116
366
82
276
135
179
110
262
232
208
381
390
107
370
107
226
155
125
126
96
159
202
213
285
208
168
131
377
84
270
144
203
252
242
276
204
150
247
417
74
404
383
221
151
136
320
149
133
130
67
90
264
112
118
246
223
203
145
206
248
269
311
336
112
330
142
152
459
309
101
101
140
169
194
258
181
256
260
74
73
127
139
141
111
174
71
118
228
67
61
60
68
55
52
60
117
51